G3dErrFileVersion 2018P3.1
FlagFileMetaData Begin
   Mesh Size - Setup1, Refinement, Pass #1, Freq. 2.400000e+09 :Title    
   Listing of mesh elements with poor quality. :ToolTip  
   hf3d :Author   
   1740120927 :TimeStamp
FlagFileMetaData End
BEGIN_ERR 
26 Small mesh segment detected on body : Box2
 Small mesh segment detected on body : Box2 
 Segment Statistics - Number of Segments : 1 --- Segment length(s) : 0.274146mm. The cutoff frequency for S-Matrix Only Solve is 5.99584916MHz 
3 -1  33  149  # nfids, fids[]
2 194  -1  # nbids, bids[]
      4 4 1 0 #ntets ntri ned npts
           4.5474735088646437e-15  -2.2708333333333336e+01   7.9999999999999982e-01 #xyz tv0
          -8.7375000000000025e+00  -2.0000000000000000e+01   1.3999999999999999e+00 #xyz tv1
          -8.5500000000000007e+00  -2.0000000000000000e+01   1.6000000000000001e+00 #xyz tv2
          -1.0050000000000004e+01  -2.0000000000000000e+01   1.6000000000000001e+00 -1 194 #xyz tv3 fid bid
           4.5474735088646437e-15  -2.2708333333333336e+01   7.9999999999999982e-01 #xyz tv0
          -8.5500000000000007e+00  -2.0000000000000000e+01   1.6000000000000001e+00 #xyz tv1
          -8.7375000000000025e+00  -2.0000000000000000e+01   1.3999999999999999e+00 #xyz tv2
          -7.8937500000000016e+00  -2.0000000000000000e+01   1.5000000000000000e+00 -1 194 #xyz tv3 fid bid
          -8.7375000000000025e+00  -2.0000000000000000e+01   1.3999999999999999e+00 #xyz tv0
          -7.0499999999999989e+00  -1.7462499999999999e+01   1.6000000000000001e+00 #xyz tv1
          -8.5500000000000007e+00  -2.0000000000000000e+01   1.6000000000000001e+00 #xyz tv2
          -1.0050000000000004e+01  -2.0000000000000000e+01   1.6000000000000001e+00 -1 194 #xyz tv3 fid bid
          -8.7375000000000025e+00  -2.0000000000000000e+01   1.3999999999999999e+00 #xyz tv0
          -8.5500000000000007e+00  -2.0000000000000000e+01   1.6000000000000001e+00 #xyz tv1
          -7.0499999999999989e+00  -1.7462499999999999e+01   1.6000000000000001e+00 #xyz tv2
          -7.8937500000000016e+00  -2.0000000000000000e+01   1.5000000000000000e+00 -1 194 #xyz tv3 fid bid
          -8.5500000000000007e+00  -2.0000000000000000e+01   1.6000000000000001e+00 #xyz tv0
          -8.7375000000000025e+00  -2.0000000000000000e+01   1.3999999999999999e+00 #xyz tv1
          -7.8937500000000016e+00  -2.0000000000000000e+01   1.5000000000000000e+00 33 -1 #xyz tv2 fid bid
          -8.5500000000000007e+00  -2.0000000000000000e+01   1.6000000000000001e+00 #xyz tv0
          -8.7375000000000025e+00  -2.0000000000000000e+01   1.3999999999999999e+00 #xyz tv1
          -7.8937500000000016e+00  -2.0000000000000000e+01   1.5000000000000000e+00 149 -1 #xyz tv2 fid bid
          -8.7375000000000025e+00  -2.0000000000000000e+01   1.3999999999999999e+00 #xyz tv0
          -8.5500000000000007e+00  -2.0000000000000000e+01   1.6000000000000001e+00 #xyz tv1
          -1.0050000000000004e+01  -2.0000000000000000e+01   1.6000000000000001e+00 33 -1 #xyz tv2 fid bid
          -8.7375000000000025e+00  -2.0000000000000000e+01   1.3999999999999999e+00 #xyz tv0
          -8.5500000000000007e+00  -2.0000000000000000e+01   1.6000000000000001e+00 #xyz tv1
          -1.0050000000000004e+01  -2.0000000000000000e+01   1.6000000000000001e+00 149 -1 #xyz tv2 fid bid
          -8.5500000000000007e+00  -2.0000000000000000e+01   1.6000000000000001e+00 #xyz ev0
          -8.7375000000000025e+00  -2.0000000000000000e+01   1.3999999999999999e+00 -1 194 #xyz ev1 fid bid
   0   0.000000000000e+00   0.000000000000e+00   0.000000000000e+00 #flag location
END_ERR 
G3dErrFileVersion 2018P3.1
FlagFileMetaData Begin
   Mesh Size - Setup1, Refinement, Pass #2, Freq. 2.400000e+09 :Title    
   Listing of mesh elements with poor quality. :ToolTip  
   hf3d :Author   
   1740120930 :TimeStamp
FlagFileMetaData End
BEGIN_ERR 
26 Small mesh segment detected on body : Box2
 Small mesh segment detected on body : Box2 
 Segment Statistics - Number of Segments : 1 --- Segment length(s) : 0.380386mm. The cutoff frequency for S-Matrix Only Solve is 5.99584916MHz 
3 -1  35  185  # nfids, fids[]
2 194  -1  # nbids, bids[]
      5 4 1 0 #ntets ntri ned npts
          -9.9206349206349198e-01   2.5000000000000000e+01  -6.2364445546737208e+00 #xyz tv0
          -8.5500000000000007e+00   2.0000000000000000e+01   1.6000000000000001e+00 #xyz tv1
          -8.8094071502057645e+00   2.0000000000000000e+01   1.3217884087791494e+00 #xyz tv2
          -2.5000000000000000e+01   2.5000000000000000e+01   4.8562500000000002e+00 -1 194 #xyz tv3 fid bid
          -9.9206349206349198e-01   2.5000000000000000e+01  -6.2364445546737208e+00 #xyz tv0
          -8.8094071502057645e+00   2.0000000000000000e+01   1.3217884087791494e+00 #xyz tv1
          -8.5500000000000007e+00   2.0000000000000000e+01   1.6000000000000001e+00 #xyz tv2
          -7.9950060513831742e+00   2.0000000000000000e+01   1.2950294886450235e+00 -1 194 #xyz tv3 fid bid
          -2.5000000000000000e+01   2.5000000000000000e+01   4.8562500000000002e+00 #xyz tv0
          -8.5500000000000007e+00   2.0000000000000000e+01   1.6000000000000001e+00 #xyz tv1
          -8.8094071502057645e+00   2.0000000000000000e+01   1.3217884087791494e+00 #xyz tv2
          -1.0050000000000004e+01   2.0000000000000000e+01   1.6000000000000001e+00 -1 194 #xyz tv3 fid bid
          -8.8094071502057645e+00   2.0000000000000000e+01   1.3217884087791494e+00 #xyz tv0
          -7.0499999999999989e+00   1.7462499999999999e+01   1.6000000000000001e+00 #xyz tv1
          -8.5500000000000007e+00   2.0000000000000000e+01   1.6000000000000001e+00 #xyz tv2
          -7.9950060513831742e+00   2.0000000000000000e+01   1.2950294886450235e+00 -1 194 #xyz tv3 fid bid
          -8.8094071502057645e+00   2.0000000000000000e+01   1.3217884087791494e+00 #xyz tv0
          -8.5500000000000007e+00   2.0000000000000000e+01   1.6000000000000001e+00 #xyz tv1
          -7.0499999999999989e+00   1.7462499999999999e+01   1.6000000000000001e+00 #xyz tv2
          -1.0050000000000004e+01   2.0000000000000000e+01   1.6000000000000001e+00 -1 194 #xyz tv3 fid bid
          -8.8094071502057645e+00   2.0000000000000000e+01   1.3217884087791494e+00 #xyz tv0
          -8.5500000000000007e+00   2.0000000000000000e+01   1.6000000000000001e+00 #xyz tv1
          -7.9950060513831742e+00   2.0000000000000000e+01   1.2950294886450235e+00 35 -1 #xyz tv2 fid bid
          -8.8094071502057645e+00   2.0000000000000000e+01   1.3217884087791494e+00 #xyz tv0
          -8.5500000000000007e+00   2.0000000000000000e+01   1.6000000000000001e+00 #xyz tv1
          -7.9950060513831742e+00   2.0000000000000000e+01   1.2950294886450235e+00 185 -1 #xyz tv2 fid bid
          -8.5500000000000007e+00   2.0000000000000000e+01   1.6000000000000001e+00 #xyz tv0
          -8.8094071502057645e+00   2.0000000000000000e+01   1.3217884087791494e+00 #xyz tv1
          -1.0050000000000004e+01   2.0000000000000000e+01   1.6000000000000001e+00 35 -1 #xyz tv2 fid bid
          -8.5500000000000007e+00   2.0000000000000000e+01   1.6000000000000001e+00 #xyz tv0
          -8.8094071502057645e+00   2.0000000000000000e+01   1.3217884087791494e+00 #xyz tv1
          -1.0050000000000004e+01   2.0000000000000000e+01   1.6000000000000001e+00 185 -1 #xyz tv2 fid bid
          -8.8094071502057645e+00   2.0000000000000000e+01   1.3217884087791494e+00 #xyz ev0
          -8.5500000000000007e+00   2.0000000000000000e+01   1.6000000000000001e+00 -1 194 #xyz ev1 fid bid
   0   0.000000000000e+00   0.000000000000e+00   0.000000000000e+00 #flag location
END_ERR 
G3dErrFileVersion 2018P3.1
FlagFileMetaData Begin
   Mesh Size - Setup1, Refinement, Pass #3, Freq. 2.400000e+09 :Title    
   Listing of mesh elements with poor quality. :ToolTip  
   hf3d :Author   
   1740120932 :TimeStamp
FlagFileMetaData End
BEGIN_ERR 
26 Small mesh segment detected on body : Box2
 Small mesh segment detected on body : Box2 
 Segment Statistics - Number of Segments : 1 --- Segment length(s) : 0.372655mm. The cutoff frequency for S-Matrix Only Solve is 5.99584916MHz 
3 -1  33  161  # nfids, fids[]
2 194  -1  # nbids, bids[]
      4 4 1 0 #ntets ntri ned npts
           8.5500000000000007e+00  -2.0000000000000000e+01  -3.4694469519536157e-16 #xyz tv0
           9.2616057762261708e+00  -2.1662554824561404e+01   8.8708455796328156e-01 #xyz tv1
           9.2136288540632112e+00  -2.0000000000000000e+01   3.6250712781717165e-01 #xyz tv2
           9.3000000000000025e+00  -2.0000000000000000e+01  -5.2041704279304233e-16 -1 194 #xyz tv3 fid bid
           9.3000000000000025e+00  -2.0000000000000000e+01  -5.2041704279304233e-16 #xyz tv0
           9.2616057762261708e+00  -2.1662554824561404e+01   8.8708455796328156e-01 #xyz tv1
           9.2136288540632112e+00  -2.0000000000000000e+01   3.6250712781717165e-01 #xyz tv2
           1.0050000000000004e+01  -2.0000000000000000e+01  -6.9388939039072303e-16 -1 194 #xyz tv3 fid bid
           9.3000000000000025e+00  -2.0000000000000000e+01  -5.2041704279304233e-16 #xyz tv0
           8.2379144153854238e+00  -1.5945081059915202e+01  -9.1795039054649381e-17 #xyz tv1
           9.2136288540632112e+00  -2.0000000000000000e+01   3.6250712781717165e-01 #xyz tv2
           8.5500000000000007e+00  -2.0000000000000000e+01  -3.4694469519536157e-16 -1 194 #xyz tv3 fid bid
           1.0050000000000004e+01  -2.0000000000000000e+01  -6.9388939039072303e-16 #xyz tv0
           8.2379144153854238e+00  -1.5945081059915202e+01  -9.1795039054649381e-17 #xyz tv1
           9.2136288540632112e+00  -2.0000000000000000e+01   3.6250712781717165e-01 #xyz tv2
           9.3000000000000025e+00  -2.0000000000000000e+01  -5.2041704279304233e-16 -1 194 #xyz tv3 fid bid
           9.3000000000000025e+00  -2.0000000000000000e+01  -5.2041704279304233e-16 #xyz tv0
           9.2136288540632112e+00  -2.0000000000000000e+01   3.6250712781717165e-01 #xyz tv1
           8.5500000000000007e+00  -2.0000000000000000e+01  -3.4694469519536157e-16 33 -1 #xyz tv2 fid bid
           9.3000000000000025e+00  -2.0000000000000000e+01  -5.2041704279304233e-16 #xyz tv0
           9.2136288540632112e+00  -2.0000000000000000e+01   3.6250712781717165e-01 #xyz tv1
           8.5500000000000007e+00  -2.0000000000000000e+01  -3.4694469519536157e-16 161 -1 #xyz tv2 fid bid
           9.3000000000000025e+00  -2.0000000000000000e+01  -5.2041704279304233e-16 #xyz tv0
           1.0050000000000004e+01  -2.0000000000000000e+01  -6.9388939039072303e-16 #xyz tv1
           9.2136288540632112e+00  -2.0000000000000000e+01   3.6250712781717165e-01 33 -1 #xyz tv2 fid bid
           9.3000000000000025e+00  -2.0000000000000000e+01  -5.2041704279304233e-16 #xyz tv0
           1.0050000000000004e+01  -2.0000000000000000e+01  -6.9388939039072303e-16 #xyz tv1
           9.2136288540632112e+00  -2.0000000000000000e+01   3.6250712781717165e-01 161 -1 #xyz tv2 fid bid
           9.3000000000000025e+00  -2.0000000000000000e+01  -5.2041704279304233e-16 #xyz ev0
           9.2136288540632112e+00  -2.0000000000000000e+01   3.6250712781717165e-01 -1 194 #xyz ev1 fid bid
   0   0.000000000000e+00   0.000000000000e+00   0.000000000000e+00 #flag location
END_ERR 
G3dErrFileVersion 2018P3.1
FlagFileMetaData Begin
   Mesh Size - Setup1, Refinement, Pass #4, Freq. 2.400000e+09 :Title    
   Listing of mesh elements with poor quality. :ToolTip  
   hf3d :Author   
   1740120935 :TimeStamp
FlagFileMetaData End
BEGIN_ERR 
26 Small mesh segment detected on body : Box1
 Small mesh segment detected on body : Box1 
 Segment Statistics - Number of Segments : 1 --- Segment length(s) : 0.372655mm. The cutoff frequency for S-Matrix Only Solve is 5.99584916MHz 
3 -1  33  161  # nfids, fids[]
2 30  -1  # nbids, bids[]
      4 4 1 0 #ntets ntri ned npts
           8.5772848981398155e+00  -1.8365766460905355e+01   1.6000000000000001e+00 #xyz tv0
           9.3000000000000025e+00  -2.0000000000000000e+01  -5.2041704279304233e-16 #xyz tv1
           8.5500000000000007e+00  -2.0000000000000000e+01  -3.4694469519536157e-16 #xyz tv2
           9.2136288540632112e+00  -2.0000000000000000e+01   3.6250712781717165e-01 -1 30 #xyz tv3 fid bid
           1.0050000000000004e+01  -2.0000000000000000e+01  -6.9388939039072303e-16 #xyz tv0
           9.3000000000000025e+00  -2.0000000000000000e+01  -5.2041704279304233e-16 #xyz tv1
           8.5772848981398155e+00  -1.8365766460905355e+01   1.6000000000000001e+00 #xyz tv2
           9.2136288540632112e+00  -2.0000000000000000e+01   3.6250712781717165e-01 -1 30 #xyz tv3 fid bid
           9.3000000000000025e+00  -2.0000000000000000e+01  -5.2041704279304233e-16 #xyz tv0
           8.4006029484242042e+00  -2.1392352285187400e+01   7.9726505627914435e-01 #xyz tv1
           9.2136288540632112e+00  -2.0000000000000000e+01   3.6250712781717165e-01 #xyz tv2
           1.0050000000000004e+01  -2.0000000000000000e+01  -6.9388939039072303e-16 -1 30 #xyz tv3 fid bid
           8.5500000000000007e+00  -2.0000000000000000e+01  -3.4694469519536157e-16 #xyz tv0
           8.4006029484242042e+00  -2.1392352285187400e+01   7.9726505627914435e-01 #xyz tv1
           9.2136288540632112e+00  -2.0000000000000000e+01   3.6250712781717165e-01 #xyz tv2
           9.3000000000000025e+00  -2.0000000000000000e+01  -5.2041704279304233e-16 -1 30 #xyz tv3 fid bid
           9.3000000000000025e+00  -2.0000000000000000e+01  -5.2041704279304233e-16 #xyz tv0
           9.2136288540632112e+00  -2.0000000000000000e+01   3.6250712781717165e-01 #xyz tv1
           8.5500000000000007e+00  -2.0000000000000000e+01  -3.4694469519536157e-16 33 -1 #xyz tv2 fid bid
           9.3000000000000025e+00  -2.0000000000000000e+01  -5.2041704279304233e-16 #xyz tv0
           9.2136288540632112e+00  -2.0000000000000000e+01   3.6250712781717165e-01 #xyz tv1
           8.5500000000000007e+00  -2.0000000000000000e+01  -3.4694469519536157e-16 161 -1 #xyz tv2 fid bid
           9.3000000000000025e+00  -2.0000000000000000e+01  -5.2041704279304233e-16 #xyz tv0
           1.0050000000000004e+01  -2.0000000000000000e+01  -6.9388939039072303e-16 #xyz tv1
           9.2136288540632112e+00  -2.0000000000000000e+01   3.6250712781717165e-01 33 -1 #xyz tv2 fid bid
           9.3000000000000025e+00  -2.0000000000000000e+01  -5.2041704279304233e-16 #xyz tv0
           1.0050000000000004e+01  -2.0000000000000000e+01  -6.9388939039072303e-16 #xyz tv1
           9.2136288540632112e+00  -2.0000000000000000e+01   3.6250712781717165e-01 161 -1 #xyz tv2 fid bid
           9.3000000000000025e+00  -2.0000000000000000e+01  -5.2041704279304233e-16 #xyz ev0
           9.2136288540632112e+00  -2.0000000000000000e+01   3.6250712781717165e-01 -1 30 #xyz ev1 fid bid
   0   0.000000000000e+00   0.000000000000e+00   0.000000000000e+00 #flag location
END_ERR 
G3dErrFileVersion 2018P3.1
FlagFileMetaData Begin
   Mesh Size - Setup1, Refinement, Pass #5, Freq. 2.400000e+09 :Title    
   Listing of mesh elements with poor quality. :ToolTip  
   hf3d :Author   
   1740120938 :TimeStamp
FlagFileMetaData End
BEGIN_ERR 
26 Small mesh segment detected on body : Box1
 Small mesh segment detected on body : Box1 
 Segment Statistics - Number of Segments : 1 --- Segment length(s) : 0.372655mm. The cutoff frequency for S-Matrix Only Solve is 5.99584916MHz 
3 -1  33  161  # nfids, fids[]
2 30  -1  # nbids, bids[]
      4 4 1 0 #ntets ntri ned npts
           8.5781307798476902e+00  -1.8487594307270236e+01   1.6000000000000001e+00 #xyz tv0
           9.3000000000000025e+00  -2.0000000000000000e+01  -5.2041704279304233e-16 #xyz tv1
           8.5500000000000007e+00  -2.0000000000000000e+01  -3.4694469519536157e-16 #xyz tv2
           9.2136288540632112e+00  -2.0000000000000000e+01   3.6250712781717165e-01 -1 30 #xyz tv3 fid bid
           1.0050000000000004e+01  -2.0000000000000000e+01  -6.9388939039072303e-16 #xyz tv0
           9.3000000000000025e+00  -2.0000000000000000e+01  -5.2041704279304233e-16 #xyz tv1
           8.5781307798476902e+00  -1.8487594307270236e+01   1.6000000000000001e+00 #xyz tv2
           9.2136288540632112e+00  -2.0000000000000000e+01   3.6250712781717165e-01 -1 30 #xyz tv3 fid bid
           9.3000000000000025e+00  -2.0000000000000000e+01  -5.2041704279304233e-16 #xyz tv0
           8.4006029484242042e+00  -2.1392352285187400e+01   7.9726505627914435e-01 #xyz tv1
           9.2136288540632112e+00  -2.0000000000000000e+01   3.6250712781717165e-01 #xyz tv2
           1.0050000000000004e+01  -2.0000000000000000e+01  -6.9388939039072303e-16 -1 30 #xyz tv3 fid bid
           8.5500000000000007e+00  -2.0000000000000000e+01  -3.4694469519536157e-16 #xyz tv0
           8.4006029484242042e+00  -2.1392352285187400e+01   7.9726505627914435e-01 #xyz tv1
           9.2136288540632112e+00  -2.0000000000000000e+01   3.6250712781717165e-01 #xyz tv2
           9.3000000000000025e+00  -2.0000000000000000e+01  -5.2041704279304233e-16 -1 30 #xyz tv3 fid bid
           9.3000000000000025e+00  -2.0000000000000000e+01  -5.2041704279304233e-16 #xyz tv0
           9.2136288540632112e+00  -2.0000000000000000e+01   3.6250712781717165e-01 #xyz tv1
           8.5500000000000007e+00  -2.0000000000000000e+01  -3.4694469519536157e-16 33 -1 #xyz tv2 fid bid
           9.3000000000000025e+00  -2.0000000000000000e+01  -5.2041704279304233e-16 #xyz tv0
           9.2136288540632112e+00  -2.0000000000000000e+01   3.6250712781717165e-01 #xyz tv1
           8.5500000000000007e+00  -2.0000000000000000e+01  -3.4694469519536157e-16 161 -1 #xyz tv2 fid bid
           9.3000000000000025e+00  -2.0000000000000000e+01  -5.2041704279304233e-16 #xyz tv0
           1.0050000000000004e+01  -2.0000000000000000e+01  -6.9388939039072303e-16 #xyz tv1
           9.2136288540632112e+00  -2.0000000000000000e+01   3.6250712781717165e-01 33 -1 #xyz tv2 fid bid
           9.3000000000000025e+00  -2.0000000000000000e+01  -5.2041704279304233e-16 #xyz tv0
           1.0050000000000004e+01  -2.0000000000000000e+01  -6.9388939039072303e-16 #xyz tv1
           9.2136288540632112e+00  -2.0000000000000000e+01   3.6250712781717165e-01 161 -1 #xyz tv2 fid bid
           9.3000000000000025e+00  -2.0000000000000000e+01  -5.2041704279304233e-16 #xyz ev0
           9.2136288540632112e+00  -2.0000000000000000e+01   3.6250712781717165e-01 -1 30 #xyz ev1 fid bid
   0   0.000000000000e+00   0.000000000000e+00   0.000000000000e+00 #flag location
END_ERR 
G3dErrFileVersion 2018P3.1
FlagFileMetaData Begin
   Mesh Size - Setup1, Refinement, Pass #6, Freq. 2.400000e+09 :Title    
   Listing of mesh elements with poor quality. :ToolTip  
   hf3d :Author   
   1740120941 :TimeStamp
FlagFileMetaData End
BEGIN_ERR 
26 Small mesh segment detected on body : Box1
 Small mesh segment detected on body : Box1 
 Segment Statistics - Number of Segments : 1 --- Segment length(s) : 0.372655mm. The cutoff frequency for S-Matrix Only Solve is 5.99584916MHz 
3 -1  33  161  # nfids, fids[]
2 30  -1  # nbids, bids[]
      4 4 1 0 #ntets ntri ned npts
           8.5781307798476902e+00  -1.8487594307270236e+01   1.6000000000000001e+00 #xyz tv0
           9.3000000000000025e+00  -2.0000000000000000e+01  -5.2041704279304233e-16 #xyz tv1
           8.5500000000000007e+00  -2.0000000000000000e+01  -3.4694469519536157e-16 #xyz tv2
           9.2136288540632112e+00  -2.0000000000000000e+01   3.6250712781717165e-01 -1 30 #xyz tv3 fid bid
           1.0050000000000004e+01  -2.0000000000000000e+01  -6.9388939039072303e-16 #xyz tv0
           9.3000000000000025e+00  -2.0000000000000000e+01  -5.2041704279304233e-16 #xyz tv1
           8.5781307798476902e+00  -1.8487594307270236e+01   1.6000000000000001e+00 #xyz tv2
           9.2136288540632112e+00  -2.0000000000000000e+01   3.6250712781717165e-01 -1 30 #xyz tv3 fid bid
           9.3000000000000025e+00  -2.0000000000000000e+01  -5.2041704279304233e-16 #xyz tv0
           8.4006029484242042e+00  -2.1392352285187400e+01   7.9726505627914435e-01 #xyz tv1
           9.2136288540632112e+00  -2.0000000000000000e+01   3.6250712781717165e-01 #xyz tv2
           1.0050000000000004e+01  -2.0000000000000000e+01  -6.9388939039072303e-16 -1 30 #xyz tv3 fid bid
           8.5500000000000007e+00  -2.0000000000000000e+01  -3.4694469519536157e-16 #xyz tv0
           8.4006029484242042e+00  -2.1392352285187400e+01   7.9726505627914435e-01 #xyz tv1
           9.2136288540632112e+00  -2.0000000000000000e+01   3.6250712781717165e-01 #xyz tv2
           9.3000000000000025e+00  -2.0000000000000000e+01  -5.2041704279304233e-16 -1 30 #xyz tv3 fid bid
           9.3000000000000025e+00  -2.0000000000000000e+01  -5.2041704279304233e-16 #xyz tv0
           9.2136288540632112e+00  -2.0000000000000000e+01   3.6250712781717165e-01 #xyz tv1
           8.5500000000000007e+00  -2.0000000000000000e+01  -3.4694469519536157e-16 33 -1 #xyz tv2 fid bid
           9.3000000000000025e+00  -2.0000000000000000e+01  -5.2041704279304233e-16 #xyz tv0
           9.2136288540632112e+00  -2.0000000000000000e+01   3.6250712781717165e-01 #xyz tv1
           8.5500000000000007e+00  -2.0000000000000000e+01  -3.4694469519536157e-16 161 -1 #xyz tv2 fid bid
           9.3000000000000025e+00  -2.0000000000000000e+01  -5.2041704279304233e-16 #xyz tv0
           1.0050000000000004e+01  -2.0000000000000000e+01  -6.9388939039072303e-16 #xyz tv1
           9.2136288540632112e+00  -2.0000000000000000e+01   3.6250712781717165e-01 33 -1 #xyz tv2 fid bid
           9.3000000000000025e+00  -2.0000000000000000e+01  -5.2041704279304233e-16 #xyz tv0
           1.0050000000000004e+01  -2.0000000000000000e+01  -6.9388939039072303e-16 #xyz tv1
           9.2136288540632112e+00  -2.0000000000000000e+01   3.6250712781717165e-01 161 -1 #xyz tv2 fid bid
           9.3000000000000025e+00  -2.0000000000000000e+01  -5.2041704279304233e-16 #xyz ev0
           9.2136288540632112e+00  -2.0000000000000000e+01   3.6250712781717165e-01 -1 30 #xyz ev1 fid bid
   0   0.000000000000e+00   0.000000000000e+00   0.000000000000e+00 #flag location
END_ERR 
